{
	"style": {
		"col_main_hue": 0.5686274766921997,
		"col_main_sat": 1.0,
		"col_main_val": 0.8039215803146362,
		"col_area_hue": 0.5686274766921997,
		"col_area_sat": 0.0,
		"col_area_val": 0.2549019753932953,
		"col_back_hue": 0.5686274766921997,
		"col_back_sat": 0.0,
		"col_back_val": 0.1764705926179886,
		"col_text_hue": 0.0,
		"col_text_sat": 0.0,
		"col_text_val": 1.0,
		"frameRounding": 0.0
	}
}